                       1    24946.4    0.188    0.068    0.330     1    1
                       2    11474.4    0.072    0.038    0.540     1    1
                       3    26131.2    0.096    0.085    0.120     1    1
                       4    44608.0    0.105    0.129    0.180     1    1
                       5     6261.8    0.082    0.111    0.090     1    1
                       6    10589.2    0.174    0.074    0.330     1    1
                       7     3383.2    0.049    0.138    0.200     1    1
                       8    65434.8    0.104    0.076    0.100     1    1
                       9    24949.2    0.230    0.049    0.210     2    1
                      10     5217.6    0.142    0.081    0.120     2    1
                      11     3468.4    0.307    0.066    0.220     2    1
                      12    28570.8    0.179    0.064    0.790     2    1
                      13     3184.2    0.190    0.071    0.170     2    1
                      14     4446.2    0.377    0.089    0.180     3    1
                      15    54460.8    0.407    0.024    0.180     2    1
                      16     3290.4    0.236    0.051    0.250     2    1
                      17     4742.6    0.243    0.083    0.220     2    1
                      18    31468.0    0.247    0.045    0.270     1    1
                      19     2869.4    0.299    0.062    0.390     2    1
                      20    12376.2    0.229    0.039    0.140     2    1
                      21     3017.2    0.267    0.071    0.430     2    1
                      22     9647.6    0.216    0.048    0.540     2    1
                      23     1651.2    0.081    0.107    0.150     2    1
                      24     2909.2    0.230    0.065    0.140     2    1
                      25     1383.0    0.098    0.063    0.290     3    1
                      26     2392.6    0.173    0.101    0.180     2    1
                      27    55132.8    0.149    0.059    0.043     2    1
                      28     3567.2    0.038    0.097    0.112     2    1
                      29     2509.6    0.271    0.043    0.560     3    1
                      30     2285.0    0.230    0.057    0.330     4    1
                      31     1964.6    0.220    0.044    0.630     3    1
                      32      913.4    0.225    0.087    0.210     2    1
                      33     3863.0    0.159    0.057    0.540     3    1
                      34     7805.6    0.325    0.056    0.076     2    1
                      35     1724.8    0.158    0.085    0.170     2    1
                      36    12690.0    0.285    0.076    0.120     1    1
                      37     1714.6    0.267    0.054    0.320     3    1
                      38     6078.2    0.268    0.034    0.240     3    1
                      39    21785.6    0.339    0.048    0.550     3    1
                      40     2849.4    0.231    0.066    0.240     2    1
                      41    11855.8    0.358    0.033    0.660     2    1
                      42     3502.2    0.055    0.072    0.810     3    1
                      43     2650.6    0.261    0.076    0.260     2    1
                      44     1861.8    0.271    0.045    0.320     3    1
                      45     4636.2    0.368    0.048    0.250     3    1
                      46     4815.8    0.208    0.048    0.490     3    1
                      47     5113.0    0.507    0.048    0.250     3    1
                      48    13721.6    0.289    0.029    0.400     4    1
                      49     3344.4    0.428    0.050    0.340     4    1
                      50      550.0    0.131    0.116    0.230     3    1
                      51      809.4    0.199    0.080    0.280     3    1
                      52     9385.4    0.214    0.044    0.140     3    1
                      53     6344.2    0.294    0.020    1.050     4    1
                     54     1153.2    0.310     0.050     0.210     4    1
                     55     3162.8    0.268     0.062     0.180     2    1
                     56     2257.0    0.237     0.053     0.470     3    1
                     57      638.4    0.279     0.056     0.550     4    1
                     58      923.6    0.356     0.049     0.270     4    1
                     59     6173.0    0.222     0.031     0.420     4    1
                     60     3626.0    0.267     0.022     2.520     4    1
                     61      752.6    0.194     0.058     0.290     4    1
                     62     1248.6    0.170     0.059     0.200     3    1
                     63     2568.2    0.290     0.048     0.340     3    1
                     64     9833.4    0.387     0.085     0.820     4    1
                     65     1043.8    0.241     0.030     0.940     4    1
                     66     2613.2    0.336     0.089     0.320     2    1
                     67      434.8    0.300     0.064     0.458     3    1
                     68     5197.4    0.374     0.019     0.890     4    1
                     69     2047.2    0.299     0.038     1.210     5    1
                     70     4959.4    0.374     0.013     3.110     4    1
                     71      208.4    0.170     0.013     0.230     3    1
                     72      682.0    0.194     0.050     0.460     4    1
                     73     1164.0    0.310     0.038     0.400     4    1
                     74      421.0    0.261     0.041     0.390     4    1
                     75     1548.4    0.278     0.022     3.690     4    1
                     76      384.0    0.244     0.041     0.400     4    1
                     77      585.8    0.246     0.061     0.210     3    1
                     78      667.8    0.245     0.037     0.470     4    1
                     79      640.8    0.473     0.039     0.730     4    1
                     80     4549.8    0.361    -0.021     3.560     5    1
                     81     6587.2    0.238     0.043     0.420     3    1
                     82      523.0    0.318     0.081     0.380     4    1
                     83     1297.2    0.294     0.009    14.140     4    1
                     84      171.4    0.241     0.100     0.170     4    1
                     85      838.0    0.443     0.099     0.249     4    1
                     86     1397.8    0.379     0.037     0.810     4    0
                     87      436.6    0.494     0.030     1.130     4    0
                     88     5969.6    0.394     0.001    17.800     4    0
                     89      518.6    0.302     0.046     0.900     4    0
                     90     3034.0    0.161     0.013     4.050     3    0
                     91      525.0    0.583     0.049     0.460     4    0
                     92      834.4    0.267     0.037     0.640     5    0
                     93     1880.0    0.387     0.047     0.430     4    0
                     94     1964.8    0.182     0.029     0.830     5    0
                     95     1052.6    0.496     1.080     0.420     4    0
                     96    19600.8    0.490    -4.600     1.860     5    0
                     97      438.8    0.497     0.052     0.710     5    0
                     98     9916.2    0.347     0.006     7.300     5    0
                     99     4294.8    0.541    -0.084     0.663     5    0
                    100     3967.0    0.504     0.006     3.970     5    0
                    101      807.0    0.346    -0.039     3.930     5    0
                    102     1982.2    0.327    -0.036     2.070     5    0
                    103     1869.0    0.373    -0.031     1.730     5    0
                    104      428.4    0.589    -0.018     4.290     5    0
                    105      550.4    0.449     0.026     0.530     5    0
                    106      104.8    0.534     0.017     1.250     5    0
                     107     756.0    0.588     0.004     4.990     6    0
                     108     113.0    0.300     0.074     0.470     4    0
                     109    4571.8    0.552    -0.009     1.260     6    0
                     110     883.0    0.229     0.049     4.180     6    0
                     111    1525.8    0.540     0.001     7.520     5    0
                     112     221.8    0.373     0.015     4.500     5    0
                     113      40.4    0.504     0.057     0.730     4    0
                     114     393.4    0.373    -0.007     3.530     5    0
                     115     536.2    0.556     0.220     0.330     4    0
                     116    1018.2    0.348    -0.002    19.980     4    0
                     117    3454.8    0.400    -0.090     0.580     5    0
                     118    1724.2    0.259    -0.066     3.220     6    0
                     119    1906.4    0.259     0.039     0.680     5    0
                     120    1147.2    0.372     0.010     5.590     6    0
                     121     399.2    0.532     0.014     1.450     6    0
                     122     460.6    0.440     0.040     0.200     4    0
                     123     383.0    0.663     0.017     2.630     6    0
                     124     164.8    0.318     0.048     0.250     4    0
                     125     107.2    0.249     0.048     0.240     5    0
                     126     141.6    0.390     0.095     0.097     4    0
                     127     789.2    0.425     0.047     0.676     5    0
                     128    1664.0    0.625     0.025     0.304     6    0
                     129     610.0    0.557     0.027     1.050     5    0
                     130     420.2    0.265     0.030     1.600     5    0
